Alin are 10 mere
Andrei are 24 pere
Cosmin are 43 gutui
Sergiu are struguri
40179582557036016936990988671132109798897070517280
77519458316771876275720050543979441245990077115205
15461993050983869825428464072555409274031325716326
40792934183342147090412542533523248021932277075355
54679587163835875018159338717423606155117101312352
56334858203651461418700492057043720182617331947157
00867578539336078622739558185797587258744102542077
10547536129404746010009409544495966288148691590389
90718659805636171376922272907641977551777201042764
96949611056220592502420217704269622154958726453989
22769766031052498085575947163107587013320886146326
64125911486338812202844406941694882615295776253250
19870359870674380469821942056381255833436421949232
27593722128905642094308235254408411086454536940496
92714940033197828613181861888111184082578659287574
26384450059944229568586460481033015388911499486935
43603022181094346676400002236255057363129462629609
61987605642599639461386923308371962659547392346241
34597795748524647837980795693198650815977675350553
91899115133525229873611277918274854200868953965835
94219633315028695611920122988898870060799927954111
88269023078913107603617634779489432032102773359416
90865007193280401716384064498787175375678118532132
84082165711075495282949749362146082155832056872321
85574065161096274874375098092230211609982633033915
46949464449100451528092508974507489676032409076898
36529406579201983152654106581368237919840906457124
68948470209357761193139980246813405200394781949866
20262400890215016616381353838151503773502296607462
79529103840686855690701575166241929872444827194293
31004854824454580718897633003232525821581280327467
96200281476243182862217105435289834820827345168018
61317195933247110746622285087106661177034653528395
77625997744672185715816126411143271794347885990892
80848669491413909771673690027775850268664654056595
03948678411107901161040085727445629384254941675946
05487117235946429105850909950214958793112196135908
31588262068233215615308683373083817327932819698387
50870834838804638847844188400318471269745437093732
98362402875197920802321878744882872843727378017827
00805878241074935751488997891173974612932035108143
27032514090304874622629423443275712600866425083331
87688650756429271605525289544921537651751492196367
18104943531785838345386525565664065725136357506435
32365089367904317025978781771903148679638408288102
09461490079715137717099061954969640070867667102330
04867263147551053723175711432231741141168062286420
63889062101923552235467116621374996932693217370431
05987225039456574924616978260970253359475020913836
67377289443869640002811034402608471289900074680776
48440887113413525033678773167977093727786821661178
65344231732264637847697875144332095340001650692130
54647689098505020301504488083426184520873053097318
94929164253229336124315143065782640702838984098416
02950309241897120971601649265613413433422298827909
92178604267981245728534580133826099587717811310216
73402565627440072968340661984806766158050216918337
23680399027931606420436812079900316264449146190219
45822969099212278855394878353830564686488165556229
43156731282743908264506116289428035016613366978240
51770155219626522725455850738640585299830379180350
43287670380925216790757120406123759632768567484507
91511473134400018325703449209097124358094479004624
94313455028900680648704293534037436032625820535790
11839564908935434510134296961754524957396062149028
87289327925206965353863964432253883275224996059869
74759882329916263545973324445163755334377492928990
58117578635555562693742691094711700216541171821975
05198317871371060510637955585889055688528879890847
50915764639074693619881507814685262133252473837651
19299015610918977792200870579339646382749068069876
91681974923656242260871541761004306089043779766785
19661891404144925270480881971498801542057787006521
59400928977760133075684796699295543365613984773806
03943688958876460549838714789684828053847017308711
17761159663505039979343869339119789887109156541709
13308260764740630571141109883938809548143782847452
88383680794188843426662220704387228874139478010177
21392281911992365405516395893474263953824829609036
90028835932774585506080131798840716244656399794827
57836501955142215513392819782269842786383916797150
